# arXiv IDs already reviewed for the cascade-delegation topic (one per line). The daily watch appends new ones.
2010.02432
2206.00278
2312.06942
2409.07985
2412.07672
2501.01818
2502.01027
2502.05163
2505.21184
2506.05296
2506.10805
2507.15886
2510.07968
2510.09023
2510.09462
2510.10988
2512.11783
2512.19011
2601.03300
2601.04603
2601.11516
2601.21380
2602.04930
2602.19844
2603.23171
2604.12951
2604.14251
2605.15377
2605.17288
2605.21602
2606.06529
2606.11949
2606.14517
2606.15308
2607.25018
2608.16190
2608.21895
2608.28327
2609.05797
2609.08306
2609.21793
2609.26178
2609.30217
2609.33671
2609.36477
2609.36490
2609.38262
2610.07359
